# Please cite the following papers in research using this covariance:
# arXiv: 1601.05779, https://arxiv.org/abs/1601.05779
# arXiv: 1911.11947, https://arxiv.org/abs/1911.11947
# arXiv: 2004.04833, https://arxiv.org/abs/2004.04833
########################################################
260 260 8.230712e-04 8.230712e-04 1 1 1 1 3.783310e-13 0.000000e+00
260 261 8.230712e-04 1.032183e-03 1 1 1 1 4.500663e-14 0.000000e+00
260 262 8.230712e-04 1.294423e-03 1 1 1 1 4.180307e-14 0.000000e+00
260 263 8.230712e-04 1.623287e-03 1 1 1 1 3.861278e-14 0.000000e+00
260 264 8.230712e-04 2.035704e-03 1 1 1 1 3.554527e-14 0.000000e+00
260 265 8.230712e-04 2.552901e-03 1 1 1 1 3.266353e-14 0.000000e+00
260 266 8.230712e-04 3.201499e-03 1 1 1 1 3.000482e-14 0.000000e+00
260 267 8.230712e-04 4.014881e-03 1 1 1 1 2.758330e-14 0.000000e+00
260 268 8.230712e-04 5.034914e-03 1 1 1 1 2.539056e-14 0.000000e+00
260 269 8.230712e-04 6.314099e-03 1 1 1 1 2.339812e-14 0.000000e+00
260 270 8.230712e-04 7.918277e-03 1 1 1 1 2.156291e-14 0.000000e+00
260 271 8.230712e-04 9.930017e-03 1 1 1 1 1.983468e-14 0.000000e+00
260 272 8.230712e-04 1.245287e-02 1 1 1 1 1.816367e-14 0.000000e+00
260 273 8.230712e-04 1.561668e-02 1 1 1 1 1.650711e-14 0.000000e+00
260 274 8.230712e-04 1.958430e-02 1 1 1 1 1.483395e-14 0.000000e+00
260 275 8.230712e-04 2.455994e-02 1 1 1 1 1.312785e-14 0.000000e+00
260 276 8.230712e-04 3.079971e-02 1 1 1 1 1.138915e-14 0.000000e+00
260 277 8.230712e-04 3.862478e-02 1 1 1 1 9.635642e-15 0.000000e+00
260 278 8.230712e-04 4.843790e-02 1 1 1 1 7.902333e-15 0.000000e+00
260 279 8.230712e-04 6.074417e-02 1 1 1 1 6.239343e-15 0.000000e+00
260 280 8.230712e-04 7.617702e-02 1 1 1 1 4.706708e-15 0.000000e+00
260 281 8.230712e-04 9.553077e-02 1 1 1 1 3.362660e-15 0.000000e+00
260 282 8.230712e-04 1.198016e-01 1 1 1 1 2.244521e-15 0.000000e+00
260 283 8.230712e-04 1.502387e-01 1 1 1 1 1.355724e-15 0.000000e+00
260 284 8.230712e-04 1.884088e-01 1 1 1 1 6.929806e-16 0.000000e+00
260 285 8.230712e-04 2.362765e-01 1 1 1 1 2.496767e-16 0.000000e+00
261 260 1.032183e-03 8.230712e-04 1 1 1 1 4.500663e-14 0.000000e+00
261 261 1.032183e-03 1.032183e-03 1 1 1 1 2.547324e-13 0.000000e+00
261 262 1.032183e-03 1.294423e-03 1 1 1 1 4.186243e-14 0.000000e+00
261 263 1.032183e-03 1.623287e-03 1 1 1 1 3.871120e-14 0.000000e+00
261 264 1.032183e-03 2.035704e-03 1 1 1 1 3.563290e-14 0.000000e+00
261 265 1.032183e-03 2.552901e-03 1 1 1 1 3.272928e-14 0.000000e+00
261 266 1.032183e-03 3.201499e-03 1 1 1 1 3.004916e-14 0.000000e+00
261 267 1.032183e-03 4.014881e-03 1 1 1 1 2.761054e-14 0.000000e+00
261 268 1.032183e-03 5.034914e-03 1 1 1 1 2.540577e-14 0.000000e+00
261 269 1.032183e-03 6.314099e-03 1 1 1 1 2.340574e-14 0.000000e+00
261 270 1.032183e-03 7.918277e-03 1 1 1 1 2.156623e-14 0.000000e+00
261 271 1.032183e-03 9.930017e-03 1 1 1 1 1.983582e-14 0.000000e+00
261 272 1.032183e-03 1.245287e-02 1 1 1 1 1.816386e-14 0.000000e+00
261 273 1.032183e-03 1.561668e-02 1 1 1 1 1.650698e-14 0.000000e+00
261 274 1.032183e-03 1.958430e-02 1 1 1 1 1.483379e-14 0.000000e+00
261 275 1.032183e-03 2.455994e-02 1 1 1 1 1.312775e-14 0.000000e+00
261 276 1.032183e-03 3.079971e-02 1 1 1 1 1.138912e-14 0.000000e+00
261 277 1.032183e-03 3.862478e-02 1 1 1 1 9.635675e-15 0.000000e+00
261 278 1.032183e-03 4.843790e-02 1 1 1 1 7.902393e-15 0.000000e+00
261 279 1.032183e-03 6.074417e-02 1 1 1 1 6.239413e-15 0.000000e+00
261 280 1.032183e-03 7.617702e-02 1 1 1 1 4.706774e-15 0.000000e+00
261 281 1.032183e-03 9.553077e-02 1 1 1 1 3.362712e-15 0.000000e+00
261 282 1.032183e-03 1.198016e-01 1 1 1 1 2.244557e-15 0.000000e+00
261 283 1.032183e-03 1.502387e-01 1 1 1 1 1.355755e-15 0.000000e+00
261 284 1.032183e-03 1.884088e-01 1 1 1 1 6.930112e-16 0.000000e+00
261 285 1.032183e-03 2.362765e-01 1 1 1 1 2.497012e-16 0.000000e+00
262 260 1.294423e-03 8.230712e-04 1 1 1 1 4.180307e-14 0.000000e+00
262 261 1.294423e-03 1.032183e-03 1 1 1 1 4.186243e-14 0.000000e+00
262 262 1.294423e-03 1.294423e-03 1 1 1 1 1.750821e-13 0.000000e+00
262 263 1.294423e-03 1.623287e-03 1 1 1 1 3.883350e-14 0.000000e+00
262 264 1.294423e-03 2.035704e-03 1 1 1 1 3.576626e-14 0.000000e+00
262 265 1.294423e-03 2.552901e-03 1 1 1 1 3.283301e-14 0.000000e+00
262 266 1.294423e-03 3.201499e-03 1 1 1 1 3.011977e-14 0.000000e+00
262 267 1.294423e-03 4.014881e-03 1 1 1 1 2.765402e-14 0.000000e+00
262 268 1.294423e-03 5.034914e-03 1 1 1 1 2.543005e-14 0.000000e+00
262 269 1.294423e-03 6.314099e-03 1 1 1 1 2.341789e-14 0.000000e+00
262 270 1.294423e-03 7.918277e-03 1 1 1 1 2.157150e-14 0.000000e+00
262 271 1.294423e-03 9.930017e-03 1 1 1 1 1.983763e-14 0.000000e+00
262 272 1.294423e-03 1.245287e-02 1 1 1 1 1.816417e-14 0.000000e+00
262 273 1.294423e-03 1.561668e-02 1 1 1 1 1.650679e-14 0.000000e+00
262 274 1.294423e-03 1.958430e-02 1 1 1 1 1.483354e-14 0.000000e+00
262 275 1.294423e-03 2.455994e-02 1 1 1 1 1.312760e-14 0.000000e+00
262 276 1.294423e-03 3.079971e-02 1 1 1 1 1.138908e-14 0.000000e+00
262 277 1.294423e-03 3.862478e-02 1 1 1 1 9.635729e-15 0.000000e+00
262 278 1.294423e-03 4.843790e-02 1 1 1 1 7.902495e-15 0.000000e+00
262 279 1.294423e-03 6.074417e-02 1 1 1 1 6.239535e-15 0.000000e+00
262 280 1.294423e-03 7.617702e-02 1 1 1 1 4.706892e-15 0.000000e+00
262 281 1.294423e-03 9.553077e-02 1 1 1 1 3.362805e-15 0.000000e+00
262 282 1.294423e-03 1.198016e-01 1 1 1 1 2.244622e-15 0.000000e+00
262 283 1.294423e-03 1.502387e-01 1 1 1 1 1.355800e-15 0.000000e+00
262 284 1.294423e-03 1.884088e-01 1 1 1 1 6.930437e-16 0.000000e+00
262 285 1.294423e-03 2.362765e-01 1 1 1 1 2.497260e-16 0.000000e+00
263 260 1.623287e-03 8.230712e-04 1 1 1 1 3.861278e-14 0.000000e+00
263 261 1.623287e-03 1.032183e-03 1 1 1 1 3.871120e-14 0.000000e+00
263 262 1.623287e-03 1.294423e-03 1 1 1 1 3.883350e-14 0.000000e+00
263 263 1.623287e-03 1.623287e-03 1 1 1 1 1.234431e-13 0.000000e+00
263 264 1.623287e-03 2.035704e-03 1 1 1 1 3.595030e-14 0.000000e+00
263 265 1.623287e-03 2.552901e-03 1 1 1 1 3.299522e-14 0.000000e+00
263 266 1.623287e-03 3.201499e-03 1 1 1 1 3.023275e-14 0.000000e+00
263 267 1.623287e-03 4.014881e-03 1 1 1 1 2.772393e-14 0.000000e+00
263 268 1.623287e-03 5.034914e-03 1 1 1 1 2.546907e-14 0.000000e+00
263 269 1.623287e-03 6.314099e-03 1 1 1 1 2.343738e-14 0.000000e+00
263 270 1.623287e-03 7.918277e-03 1 1 1 1 2.157993e-14 0.000000e+00
263 271 1.623287e-03 9.930017e-03 1 1 1 1 1.984050e-14 0.000000e+00
263 272 1.623287e-03 1.245287e-02 1 1 1 1 1.816463e-14 0.000000e+00
263 273 1.623287e-03 1.561668e-02 1 1 1 1 1.650645e-14 0.000000e+00
263 274 1.623287e-03 1.958430e-02 1 1 1 1 1.483310e-14 0.000000e+00
263 275 1.623287e-03 2.455994e-02 1 1 1 1 1.312731e-14 0.000000e+00
263 276 1.623287e-03 3.079971e-02 1 1 1 1 1.138898e-14 0.000000e+00
263 277 1.623287e-03 3.862478e-02 1 1 1 1 9.635770e-15 0.000000e+00
263 278 1.623287e-03 4.843790e-02 1 1 1 1 7.902614e-15 0.000000e+00
263 279 1.623287e-03 6.074417e-02 1 1 1 1 6.239682e-15 0.000000e+00
263 280 1.623287e-03 7.617702e-02 1 1 1 1 4.707031e-15 0.000000e+00
263 281 1.623287e-03 9.553077e-02 1 1 1 1 3.362908e-15 0.000000e+00
263 282 1.623287e-03 1.198016e-01 1 1 1 1 2.244680e-15 0.000000e+00
263 283 1.623287e-03 1.502387e-01 1 1 1 1 1.355830e-15 0.000000e+00
263 284 1.623287e-03 1.884088e-01 1 1 1 1 6.930558e-16 0.000000e+00
263 285 1.623287e-03 2.362765e-01 1 1 1 1 2.497254e-16 0.000000e+00
264 260 2.035704e-03 8.230712e-04 1 1 1 1 3.554527e-14 0.000000e+00
264 261 2.035704e-03 1.032183e-03 1 1 1 1 3.563290e-14 0.000000e+00
264 262 2.035704e-03 1.294423e-03 1 1 1 1 3.576626e-14 0.000000e+00
264 263 2.035704e-03 1.623287e-03 1 1 1 1 3.595030e-14 0.000000e+00
264 264 2.035704e-03 2.035704e-03 1 1 1 1 8.968663e-14 0.000000e+00
264 265 2.035704e-03 2.552901e-03 1 1 1 1 3.323454e-14 0.000000e+00
264 266 2.035704e-03 3.201499e-03 1 1 1 1 3.041412e-14 0.000000e+00
264 267 2.035704e-03 4.014881e-03 1 1 1 1 2.783773e-14 0.000000e+00
264 268 2.035704e-03 5.034914e-03 1 1 1 1 2.553269e-14 0.000000e+00
264 269 2.035704e-03 6.314099e-03 1 1 1 1 2.346910e-14 0.000000e+00
264 270 2.035704e-03 7.918277e-03 1 1 1 1 2.159365e-14 0.000000e+00
264 271 2.035704e-03 9.930017e-03 1 1 1 1 1.984521e-14 0.000000e+00
264 272 2.035704e-03 1.245287e-02 1 1 1 1 1.816544e-14 0.000000e+00
264 273 2.035704e-03 1.561668e-02 1 1 1 1 1.650597e-14 0.000000e+00
264 274 2.035704e-03 1.958430e-02 1 1 1 1 1.483246e-14 0.000000e+00
264 275 2.035704e-03 2.455994e-02 1 1 1 1 1.312690e-14 0.000000e+00
264 276 2.035704e-03 3.079971e-02 1 1 1 1 1.138885e-14 0.000000e+00
264 277 2.035704e-03 3.862478e-02 1 1 1 1 9.635869e-15 0.000000e+00
264 278 2.035704e-03 4.843790e-02 1 1 1 1 7.902841e-15 0.000000e+00
264 279 2.035704e-03 6.074417e-02 1 1 1 1 6.239952e-15 0.000000e+00
264 280 2.035704e-03 7.617702e-02 1 1 1 1 4.707289e-15 0.000000e+00
264 281 2.035704e-03 9.553077e-02 1 1 1 1 3.363109e-15 0.000000e+00
264 282 2.035704e-03 1.198016e-01 1 1 1 1 2.244811e-15 0.000000e+00
264 283 2.035704e-03 1.502387e-01 1 1 1 1 1.355917e-15 0.000000e+00
264 284 2.035704e-03 1.884088e-01 1 1 1 1 6.931146e-16 0.000000e+00
264 285 2.035704e-03 2.362765e-01 1 1 1 1 2.497619e-16 0.000000e+00
265 260 2.552901e-03 8.230712e-04 1 1 1 1 3.266353e-14 0.000000e+00
265 261 2.552901e-03 1.032183e-03 1 1 1 1 3.272928e-14 0.000000e+00
265 262 2.552901e-03 1.294423e-03 1 1 1 1 3.283301e-14 0.000000e+00
265 263 2.552901e-03 1.623287e-03 1 1 1 1 3.299522e-14 0.000000e+00
265 264 2.552901e-03 2.035704e-03 1 1 1 1 3.323454e-14 0.000000e+00
265 265 2.552901e-03 2.552901e-03 1 1 1 1 6.737130e-14 0.000000e+00
265 266 2.552901e-03 3.201499e-03 1 1 1 1 3.069651e-14 0.000000e+00
265 267 2.552901e-03 4.014881e-03 1 1 1 1 2.802557e-14 0.000000e+00
265 268 2.552901e-03 5.034914e-03 1 1 1 1 2.563837e-14 0.000000e+00
265 269 2.552901e-03 6.314099e-03 1 1 1 1 2.352166e-14 0.000000e+00
265 270 2.552901e-03 7.918277e-03 1 1 1 1 2.161631e-14 0.000000e+00
265 271 2.552901e-03 9.930017e-03 1 1 1 1 1.985298e-14 0.000000e+00
265 272 2.552901e-03 1.245287e-02 1 1 1 1 1.816683e-14 0.000000e+00
265 273 2.552901e-03 1.561668e-02 1 1 1 1 1.650522e-14 0.000000e+00
265 274 2.552901e-03 1.958430e-02 1 1 1 1 1.483143e-14 0.000000e+00
265 275 2.552901e-03 2.455994e-02 1 1 1 1 1.312623e-14 0.000000e+00
265 276 2.552901e-03 3.079971e-02 1 1 1 1 1.138864e-14 0.000000e+00
265 277 2.552901e-03 3.862478e-02 1 1 1 1 9.636000e-15 0.000000e+00
265 278 2.552901e-03 4.843790e-02 1 1 1 1 7.903179e-15 0.000000e+00
265 279 2.552901e-03 6.074417e-02 1 1 1 1 6.240358e-15 0.000000e+00
265 280 2.552901e-03 7.617702e-02 1 1 1 1 4.707671e-15 0.000000e+00
265 281 2.552901e-03 9.553077e-02 1 1 1 1 3.363403e-15 0.000000e+00
265 282 2.552901e-03 1.198016e-01 1 1 1 1 2.244997e-15 0.000000e+00
265 283 2.552901e-03 1.502387e-01 1 1 1 1 1.356034e-15 0.000000e+00
265 284 2.552901e-03 1.884088e-01 1 1 1 1 6.931873e-16 0.000000e+00
265 285 2.552901e-03 2.362765e-01 1 1 1 1 2.498014e-16 0.000000e+00
266 260 3.201499e-03 8.230712e-04 1 1 1 1 3.000482e-14 0.000000e+00
266 261 3.201499e-03 1.032183e-03 1 1 1 1 3.004916e-14 0.000000e+00
266 262 3.201499e-03 1.294423e-03 1 1 1 1 3.011977e-14 0.000000e+00
266 263 3.201499e-03 1.623287e-03 1 1 1 1 3.023275e-14 0.000000e+00
266 264 3.201499e-03 2.035704e-03 1 1 1 1 3.041412e-14 0.000000e+00
266 265 3.201499e-03 2.552901e-03 1 1 1 1 3.069651e-14 0.000000e+00
266 266 3.201499e-03 3.201499e-03 1 1 1 1 5.239505e-14 0.000000e+00
266 267 3.201499e-03 4.014881e-03 1 1 1 1 2.833399e-14 0.000000e+00
266 268 3.201499e-03 5.034914e-03 1 1 1 1 2.581877e-14 0.000000e+00
266 269 3.201499e-03 6.314099e-03 1 1 1 1 2.361137e-14 0.000000e+00
266 270 3.201499e-03 7.918277e-03 1 1 1 1 2.165483e-14 0.000000e+00
266 271 3.201499e-03 9.930017e-03 1 1 1 1 1.986624e-14 0.000000e+00
266 272 3.201499e-03 1.245287e-02 1 1 1 1 1.816934e-14 0.000000e+00
266 273 3.201499e-03 1.561668e-02 1 1 1 1 1.650414e-14 0.000000e+00
266 274 3.201499e-03 1.958430e-02 1 1 1 1 1.482983e-14 0.000000e+00
266 275 3.201499e-03 2.455994e-02 1 1 1 1 1.312518e-14 0.000000e+00
266 276 3.201499e-03 3.079971e-02 1 1 1 1 1.138830e-14 0.000000e+00
266 277 3.201499e-03 3.862478e-02 1 1 1 1 9.636213e-15 0.000000e+00
266 278 3.201499e-03 4.843790e-02 1 1 1 1 7.903712e-15 0.000000e+00
266 279 3.201499e-03 6.074417e-02 1 1 1 1 6.241002e-15 0.000000e+00
266 280 3.201499e-03 7.617702e-02 1 1 1 1 4.708274e-15 0.000000e+00
266 281 3.201499e-03 9.553077e-02 1 1 1 1 3.363870e-15 0.000000e+00
266 282 3.201499e-03 1.198016e-01 1 1 1 1 2.245293e-15 0.000000e+00
266 283 3.201499e-03 1.502387e-01 1 1 1 1 1.356221e-15 0.000000e+00
266 284 3.201499e-03 1.884088e-01 1 1 1 1 6.933047e-16 0.000000e+00
266 285 3.201499e-03 2.362765e-01 1 1 1 1 2.498663e-16 0.000000e+00
267 260 4.014881e-03 8.230712e-04 1 1 1 1 2.758330e-14 0.000000e+00
267 261 4.014881e-03 1.032183e-03 1 1 1 1 2.761054e-14 0.000000e+00
267 262 4.014881e-03 1.294423e-03 1 1 1 1 2.765402e-14 0.000000e+00
267 263 4.014881e-03 1.623287e-03 1 1 1 1 2.772393e-14 0.000000e+00
267 264 4.014881e-03 2.035704e-03 1 1 1 1 2.783773e-14 0.000000e+00
267 265 4.014881e-03 2.552901e-03 1 1 1 1 2.802557e-14 0.000000e+00
267 266 4.014881e-03 3.201499e-03 1 1 1 1 2.833399e-14 0.000000e+00
267 267 4.014881e-03 4.014881e-03 1 1 1 1 4.213876e-14 0.000000e+00
267 268 4.014881e-03 5.034914e-03 1 1 1 1 2.613307e-14 0.000000e+00
267 269 4.014881e-03 6.314099e-03 1 1 1 1 2.377126e-14 0.000000e+00
267 270 4.014881e-03 7.918277e-03 1 1 1 1 2.172313e-14 0.000000e+00
267 271 4.014881e-03 9.930017e-03 1 1 1 1 1.988983e-14 0.000000e+00
267 272 4.014881e-03 1.245287e-02 1 1 1 1 1.817415e-14 0.000000e+00
267 273 4.014881e-03 1.561668e-02 1 1 1 1 1.650268e-14 0.000000e+00
267 274 4.014881e-03 1.958430e-02 1 1 1 1 1.482737e-14 0.000000e+00
267 275 4.014881e-03 2.455994e-02 1 1 1 1 1.312353e-14 0.000000e+00
267 276 4.014881e-03 3.079971e-02 1 1 1 1 1.138777e-14 0.000000e+00
267 277 4.014881e-03 3.862478e-02 1 1 1 1 9.636549e-15 0.000000e+00
267 278 4.014881e-03 4.843790e-02 1 1 1 1 7.904545e-15 0.000000e+00
267 279 4.014881e-03 6.074417e-02 1 1 1 1 6.242016e-15 0.000000e+00
267 280 4.014881e-03 7.617702e-02 1 1 1 1 4.709219e-15 0.000000e+00
267 281 4.014881e-03 9.553077e-02 1 1 1 1 3.364604e-15 0.000000e+00
267 282 4.014881e-03 1.198016e-01 1 1 1 1 2.245759e-15 0.000000e+00
267 283 4.014881e-03 1.502387e-01 1 1 1 1 1.356514e-15 0.000000e+00
267 284 4.014881e-03 1.884088e-01 1 1 1 1 6.934891e-16 0.000000e+00
267 285 4.014881e-03 2.362765e-01 1 1 1 1 2.499686e-16 0.000000e+00
268 260 5.034914e-03 8.230712e-04 1 1 1 1 2.539056e-14 0.000000e+00
268 261 5.034914e-03 1.032183e-03 1 1 1 1 2.540577e-14 0.000000e+00
268 262 5.034914e-03 1.294423e-03 1 1 1 1 2.543005e-14 0.000000e+00
268 263 5.034914e-03 1.623287e-03 1 1 1 1 2.546907e-14 0.000000e+00
268 264 5.034914e-03 2.035704e-03 1 1 1 1 2.553269e-14 0.000000e+00
268 265 5.034914e-03 2.552901e-03 1 1 1 1 2.563837e-14 0.000000e+00
268 266 5.034914e-03 3.201499e-03 1 1 1 1 2.581877e-14 0.000000e+00
268 267 5.034914e-03 4.014881e-03 1 1 1 1 2.613307e-14 0.000000e+00
268 268 5.034914e-03 5.034914e-03 1 1 1 1 3.492374e-14 0.000000e+00
268 269 5.034914e-03 6.314099e-03 1 1 1 1 2.407074e-14 0.000000e+00
268 270 5.034914e-03 7.918277e-03 1 1 1 1 2.185237e-14 0.000000e+00
268 271 5.034914e-03 9.930017e-03 1 1 1 1 1.993453e-14 0.000000e+00
268 272 5.034914e-03 1.245287e-02 1 1 1 1 1.818402e-14 0.000000e+00
268 273 5.034914e-03 1.561668e-02 1 1 1 1 1.650099e-14 0.000000e+00
268 274 5.034914e-03 1.958430e-02 1 1 1 1 1.482364e-14 0.000000e+00
268 275 5.034914e-03 2.455994e-02 1 1 1 1 1.312095e-14 0.000000e+00
268 276 5.034914e-03 3.079971e-02 1 1 1 1 1.138692e-14 0.000000e+00
268 277 5.034914e-03 3.862478e-02 1 1 1 1 9.637066e-15 0.000000e+00
268 278 5.034914e-03 4.843790e-02 1 1 1 1 7.905852e-15 0.000000e+00
268 279 5.034914e-03 6.074417e-02 1 1 1 1 6.243607e-15 0.000000e+00
268 280 5.034914e-03 7.617702e-02 1 1 1 1 4.710706e-15 0.000000e+00
268 281 5.034914e-03 9.553077e-02 1 1 1 1 3.365756e-15 0.000000e+00
268 282 5.034914e-03 1.198016e-01 1 1 1 1 2.246494e-15 0.000000e+00
268 283 5.034914e-03 1.502387e-01 1 1 1 1 1.356976e-15 0.000000e+00
268 284 5.034914e-03 1.884088e-01 1 1 1 1 6.937785e-16 0.000000e+00
268 285 5.034914e-03 2.362765e-01 1 1 1 1 2.501296e-16 0.000000e+00
269 260 6.314099e-03 8.230712e-04 1 1 1 1 2.339812e-14 0.000000e+00
269 261 6.314099e-03 1.032183e-03 1 1 1 1 2.340574e-14 0.000000e+00
269 262 6.314099e-03 1.294423e-03 1 1 1 1 2.341789e-14 0.000000e+00
269 263 6.314099e-03 1.623287e-03 1 1 1 1 2.343738e-14 0.000000e+00
269 264 6.314099e-03 2.035704e-03 1 1 1 1 2.346910e-14 0.000000e+00
269 265 6.314099e-03 2.552901e-03 1 1 1 1 2.352166e-14 0.000000e+00
269 266 6.314099e-03 3.201499e-03 1 1 1 1 2.361137e-14 0.000000e+00
269 267 6.314099e-03 4.014881e-03 1 1 1 1 2.377126e-14 0.000000e+00
269 268 6.314099e-03 5.034914e-03 1 1 1 1 2.407074e-14 0.000000e+00
269 269 6.314099e-03 6.314099e-03 1 1 1 1 2.966886e-14 0.000000e+00
269 270 6.314099e-03 7.918277e-03 1 1 1 1 2.211851e-14 0.000000e+00
269 271 6.314099e-03 9.930017e-03 1 1 1 1 2.002743e-14 0.000000e+00
269 272 6.314099e-03 1.245287e-02 1 1 1 1 1.820623e-14 0.000000e+00
269 273 6.314099e-03 1.561668e-02 1 1 1 1 1.650006e-14 0.000000e+00
269 274 6.314099e-03 1.958430e-02 1 1 1 1 1.481813e-14 0.000000e+00
269 275 6.314099e-03 2.455994e-02 1 1 1 1 1.311693e-14 0.000000e+00
269 276 6.314099e-03 3.079971e-02 1 1 1 1 1.138556e-14 0.000000e+00
269 277 6.314099e-03 3.862478e-02 1 1 1 1 9.637860e-15 0.000000e+00
269 278 6.314099e-03 4.843790e-02 1 1 1 1 7.907901e-15 0.000000e+00
269 279 6.314099e-03 6.074417e-02 1 1 1 1 6.246100e-15 0.000000e+00
269 280 6.314099e-03 7.617702e-02 1 1 1 1 4.713046e-15 0.000000e+00
269 281 6.314099e-03 9.553077e-02 1 1 1 1 3.367567e-15 0.000000e+00
269 282 6.314099e-03 1.198016e-01 1 1 1 1 2.247653e-15 0.000000e+00
269 283 6.314099e-03 1.502387e-01 1 1 1 1 1.357703e-15 0.000000e+00
269 284 6.314099e-03 1.884088e-01 1 1 1 1 6.942331e-16 0.000000e+00
269 285 6.314099e-03 2.362765e-01 1 1 1 1 2.503832e-16 0.000000e+00
270 260 7.918277e-03 8.230712e-04 1 1 1 1 2.156291e-14 0.000000e+00
270 261 7.918277e-03 1.032183e-03 1 1 1 1 2.156623e-14 0.000000e+00
270 262 7.918277e-03 1.294423e-03 1 1 1 1 2.157150e-14 0.000000e+00
270 263 7.918277e-03 1.623287e-03 1 1 1 1 2.157993e-14 0.000000e+00
270 264 7.918277e-03 2.035704e-03 1 1 1 1 2.159365e-14 0.000000e+00
270 265 7.918277e-03 2.552901e-03 1 1 1 1 2.161631e-14 0.000000e+00
270 266 7.918277e-03 3.201499e-03 1 1 1 1 2.165483e-14 0.000000e+00
270 267 7.918277e-03 4.014881e-03 1 1 1 1 2.172313e-14 0.000000e+00
270 268 7.918277e-03 5.034914e-03 1 1 1 1 2.185237e-14 0.000000e+00
270 269 7.918277e-03 6.314099e-03 1 1 1 1 2.211851e-14 0.000000e+00
270 270 7.918277e-03 7.918277e-03 1 1 1 1 2.567435e-14 0.000000e+00
270 271 7.918277e-03 9.930017e-03 1 1 1 1 2.024637e-14 0.000000e+00
270 272 7.918277e-03 1.245287e-02 1 1 1 1 1.826223e-14 0.000000e+00
270 273 7.918277e-03 1.561668e-02 1 1 1 1 1.650379e-14 0.000000e+00
270 274 7.918277e-03 1.958430e-02 1 1 1 1 1.481052e-14 0.000000e+00
270 275 7.918277e-03 2.455994e-02 1 1 1 1 1.311073e-14 0.000000e+00
270 276 7.918277e-03 3.079971e-02 1 1 1 1 1.138339e-14 0.000000e+00
270 277 7.918277e-03 3.862478e-02 1 1 1 1 9.639063e-15 0.000000e+00
270 278 7.918277e-03 4.843790e-02 1 1 1 1 7.911092e-15 0.000000e+00
270 279 7.918277e-03 6.074417e-02 1 1 1 1 6.250010e-15 0.000000e+00
270 280 7.918277e-03 7.617702e-02 1 1 1 1 4.716720e-15 0.000000e+00
270 281 7.918277e-03 9.553077e-02 1 1 1 1 3.370413e-15 0.000000e+00
270 282 7.918277e-03 1.198016e-01 1 1 1 1 2.249477e-15 0.000000e+00
270 283 7.918277e-03 1.502387e-01 1 1 1 1 1.358845e-15 0.000000e+00
270 284 7.918277e-03 1.884088e-01 1 1 1 1 6.949472e-16 0.000000e+00
270 285 7.918277e-03 2.362765e-01 1 1 1 1 2.507825e-16 0.000000e+00
271 260 9.930017e-03 8.230712e-04 1 1 1 1 1.983468e-14 0.000000e+00
271 261 9.930017e-03 1.032183e-03 1 1 1 1 1.983582e-14 0.000000e+00
271 262 9.930017e-03 1.294423e-03 1 1 1 1 1.983763e-14 0.000000e+00
271 263 9.930017e-03 1.623287e-03 1 1 1 1 1.984050e-14 0.000000e+00
271 264 9.930017e-03 2.035704e-03 1 1 1 1 1.984521e-14 0.000000e+00
271 265 9.930017e-03 2.552901e-03 1 1 1 1 1.985298e-14 0.000000e+00
271 266 9.930017e-03 3.201499e-03 1 1 1 1 1.986624e-14 0.000000e+00
271 267 9.930017e-03 4.014881e-03 1 1 1 1 1.988983e-14 0.000000e+00
271 268 9.930017e-03 5.034914e-03 1 1 1 1 1.993453e-14 0.000000e+00
271 269 9.930017e-03 6.314099e-03 1 1 1 1 2.002743e-14 0.000000e+00
271 270 9.930017e-03 7.918277e-03 1 1 1 1 2.024637e-14 0.000000e+00
271 271 9.930017e-03 9.930017e-03 1 1 1 1 2.248577e-14 0.000000e+00
271 272 9.930017e-03 1.245287e-02 1 1 1 1 1.842655e-14 0.000000e+00
271 273 9.930017e-03 1.561668e-02 1 1 1 1 1.652725e-14 0.000000e+00
271 274 9.930017e-03 1.958430e-02 1 1 1 1 1.480200e-14 0.000000e+00
271 275 9.930017e-03 2.455994e-02 1 1 1 1 1.310139e-14 0.000000e+00
271 276 9.930017e-03 3.079971e-02 1 1 1 1 1.137987e-14 0.000000e+00
271 277 9.930017e-03 3.862478e-02 1 1 1 1 9.640839e-15 0.000000e+00
271 278 9.930017e-03 4.843790e-02 1 1 1 1 7.916052e-15 0.000000e+00
271 279 9.930017e-03 6.074417e-02 1 1 1 1 6.256131e-15 0.000000e+00
271 280 9.930017e-03 7.617702e-02 1 1 1 1 4.722483e-15 0.000000e+00
271 281 9.930017e-03 9.553077e-02 1 1 1 1 3.374889e-15 0.000000e+00
271 282 9.930017e-03 1.198016e-01 1 1 1 1 2.252347e-15 0.000000e+00
271 283 9.930017e-03 1.502387e-01 1 1 1 1 1.360645e-15 0.000000e+00
271 284 9.930017e-03 1.884088e-01 1 1 1 1 6.960696e-16 0.000000e+00
271 285 9.930017e-03 2.362765e-01 1 1 1 1 2.514110e-16 0.000000e+00
272 260 1.245287e-02 8.230712e-04 1 1 1 1 1.816367e-14 0.000000e+00
272 261 1.245287e-02 1.032183e-03 1 1 1 1 1.816386e-14 0.000000e+00
272 262 1.245287e-02 1.294423e-03 1 1 1 1 1.816417e-14 0.000000e+00
272 263 1.245287e-02 1.623287e-03 1 1 1 1 1.816463e-14 0.000000e+00
272 264 1.245287e-02 2.035704e-03 1 1 1 1 1.816544e-14 0.000000e+00
272 265 1.245287e-02 2.552901e-03 1 1 1 1 1.816683e-14 0.000000e+00
272 266 1.245287e-02 3.201499e-03 1 1 1 1 1.816934e-14 0.000000e+00
272 267 1.245287e-02 4.014881e-03 1 1 1 1 1.817415e-14 0.000000e+00
272 268 1.245287e-02 5.034914e-03 1 1 1 1 1.818402e-14 0.000000e+00
272 269 1.245287e-02 6.314099e-03 1 1 1 1 1.820623e-14 0.000000e+00
272 270 1.245287e-02 7.918277e-03 1 1 1 1 1.826223e-14 0.000000e+00
272 271 1.245287e-02 9.930017e-03 1 1 1 1 1.842655e-14 0.000000e+00
272 272 1.245287e-02 1.245287e-02 1 1 1 1 1.980849e-14 0.000000e+00
272 273 1.245287e-02 1.561668e-02 1 1 1 1 1.663689e-14 0.000000e+00
272 274 1.245287e-02 1.958430e-02 1 1 1 1 1.480146e-14 0.000000e+00
272 275 1.245287e-02 2.455994e-02 1 1 1 1 1.308833e-14 0.000000e+00
272 276 1.245287e-02 3.079971e-02 1 1 1 1 1.137416e-14 0.000000e+00
272 277 1.245287e-02 3.862478e-02 1 1 1 1 9.643359e-15 0.000000e+00
272 278 1.245287e-02 4.843790e-02 1 1 1 1 7.923689e-15 0.000000e+00
272 279 1.245287e-02 6.074417e-02 1 1 1 1 6.265680e-15 0.000000e+00
272 280 1.245287e-02 7.617702e-02 1 1 1 1 4.731519e-15 0.000000e+00
272 281 1.245287e-02 9.553077e-02 1 1 1 1 3.381918e-15 0.000000e+00
272 282 1.245287e-02 1.198016e-01 1 1 1 1 2.256869e-15 0.000000e+00
272 283 1.245287e-02 1.502387e-01 1 1 1 1 1.363478e-15 0.000000e+00
272 284 1.245287e-02 1.884088e-01 1 1 1 1 6.978346e-16 0.000000e+00
272 285 1.245287e-02 2.362765e-01 1 1 1 1 2.524003e-16 0.000000e+00
273 260 1.561668e-02 8.230712e-04 1 1 1 1 1.650711e-14 0.000000e+00
273 261 1.561668e-02 1.032183e-03 1 1 1 1 1.650698e-14 0.000000e+00
273 262 1.561668e-02 1.294423e-03 1 1 1 1 1.650679e-14 0.000000e+00
273 263 1.561668e-02 1.623287e-03 1 1 1 1 1.650645e-14 0.000000e+00
273 264 1.561668e-02 2.035704e-03 1 1 1 1 1.650597e-14 0.000000e+00
273 265 1.561668e-02 2.552901e-03 1 1 1 1 1.650522e-14 0.000000e+00
273 266 1.561668e-02 3.201499e-03 1 1 1 1 1.650414e-14 0.000000e+00
273 267 1.561668e-02 4.014881e-03 1 1 1 1 1.650268e-14 0.000000e+00
273 268 1.561668e-02 5.034914e-03 1 1 1 1 1.650099e-14 0.000000e+00
273 269 1.561668e-02 6.314099e-03 1 1 1 1 1.650006e-14 0.000000e+00
273 270 1.561668e-02 7.918277e-03 1 1 1 1 1.650379e-14 0.000000e+00
273 271 1.561668e-02 9.930017e-03 1 1 1 1 1.652725e-14 0.000000e+00
273 272 1.561668e-02 1.245287e-02 1 1 1 1 1.663689e-14 0.000000e+00
273 273 1.561668e-02 1.561668e-02 1 1 1 1 1.745411e-14 0.000000e+00
273 274 1.561668e-02 1.958430e-02 1 1 1 1 1.486370e-14 0.000000e+00
273 275 1.561668e-02 2.455994e-02 1 1 1 1 1.307544e-14 0.000000e+00
273 276 1.561668e-02 3.079971e-02 1 1 1 1 1.136514e-14 0.000000e+00
273 277 1.561668e-02 3.862478e-02 1 1 1 1 9.646668e-15 0.000000e+00
273 278 1.561668e-02 4.843790e-02 1 1 1 1 7.935300e-15 0.000000e+00
273 279 1.561668e-02 6.074417e-02 1 1 1 1 6.280506e-15 0.000000e+00
273 280 1.561668e-02 7.617702e-02 1 1 1 1 4.745651e-15 0.000000e+00
273 281 1.561668e-02 9.553077e-02 1 1 1 1 3.392949e-15 0.000000e+00
273 282 1.561668e-02 1.198016e-01 1 1 1 1 2.264006e-15 0.000000e+00
273 283 1.561668e-02 1.502387e-01 1 1 1 1 1.367940e-15 0.000000e+00
273 284 1.561668e-02 1.884088e-01 1 1 1 1 7.006137e-16 0.000000e+00
273 285 1.561668e-02 2.362765e-01 1 1 1 1 2.539575e-16 0.000000e+00
274 260 1.958430e-02 8.230712e-04 1 1 1 1 1.483395e-14 0.000000e+00
274 261 1.958430e-02 1.032183e-03 1 1 1 1 1.483379e-14 0.000000e+00
274 262 1.958430e-02 1.294423e-03 1 1 1 1 1.483354e-14 0.000000e+00
274 263 1.958430e-02 1.623287e-03 1 1 1 1 1.483310e-14 0.000000e+00
274 264 1.958430e-02 2.035704e-03 1 1 1 1 1.483246e-14 0.000000e+00
274 265 1.958430e-02 2.552901e-03 1 1 1 1 1.483143e-14 0.000000e+00
274 266 1.958430e-02 3.201499e-03 1 1 1 1 1.482983e-14 0.000000e+00
274 267 1.958430e-02 4.014881e-03 1 1 1 1 1.482737e-14 0.000000e+00
274 268 1.958430e-02 5.034914e-03 1 1 1 1 1.482364e-14 0.000000e+00
274 269 1.958430e-02 6.314099e-03 1 1 1 1 1.481813e-14 0.000000e+00
274 270 1.958430e-02 7.918277e-03 1 1 1 1 1.481052e-14 0.000000e+00
274 271 1.958430e-02 9.930017e-03 1 1 1 1 1.480200e-14 0.000000e+00
274 272 1.958430e-02 1.245287e-02 1 1 1 1 1.480146e-14 0.000000e+00
274 273 1.958430e-02 1.561668e-02 1 1 1 1 1.486370e-14 0.000000e+00
274 274 1.958430e-02 1.958430e-02 1 1 1 1 1.530674e-14 0.000000e+00
274 275 1.958430e-02 2.455994e-02 1 1 1 1 1.310411e-14 0.000000e+00
274 276 1.958430e-02 3.079971e-02 1 1 1 1 1.135348e-14 0.000000e+00
274 277 1.958430e-02 3.862478e-02 1 1 1 1 9.650448e-15 0.000000e+00
274 278 1.958430e-02 4.843790e-02 1 1 1 1 7.952555e-15 0.000000e+00
274 279 1.958430e-02 6.074417e-02 1 1 1 1 6.303338e-15 0.000000e+00
274 280 1.958430e-02 7.617702e-02 1 1 1 1 4.767687e-15 0.000000e+00
274 281 1.958430e-02 9.553077e-02 1 1 1 1 3.410249e-15 0.000000e+00
274 282 1.958430e-02 1.198016e-01 1 1 1 1 2.275280e-15 0.000000e+00
274 283 1.958430e-02 1.502387e-01 1 1 1 1 1.374976e-15 0.000000e+00
274 284 1.958430e-02 1.884088e-01 1 1 1 1 7.049902e-16 0.000000e+00
274 285 1.958430e-02 2.362765e-01 1 1 1 1 2.564096e-16 0.000000e+00
275 260 2.455994e-02 8.230712e-04 1 1 1 1 1.312785e-14 0.000000e+00
275 261 2.455994e-02 1.032183e-03 1 1 1 1 1.312775e-14 0.000000e+00
275 262 2.455994e-02 1.294423e-03 1 1 1 1 1.312760e-14 0.000000e+00
275 263 2.455994e-02 1.623287e-03 1 1 1 1 1.312731e-14 0.000000e+00
275 264 2.455994e-02 2.035704e-03 1 1 1 1 1.312690e-14 0.000000e+00
275 265 2.455994e-02 2.552901e-03 1 1 1 1 1.312623e-14 0.000000e+00
275 266 2.455994e-02 3.201499e-03 1 1 1 1 1.312518e-14 0.000000e+00
275 267 2.455994e-02 4.014881e-03 1 1 1 1 1.312353e-14 0.000000e+00
275 268 2.455994e-02 5.034914e-03 1 1 1 1 1.312095e-14 0.000000e+00
275 269 2.455994e-02 6.314099e-03 1 1 1 1 1.311693e-14 0.000000e+00
275 270 2.455994e-02 7.918277e-03 1 1 1 1 1.311073e-14 0.000000e+00
275 271 2.455994e-02 9.930017e-03 1 1 1 1 1.310139e-14 0.000000e+00
275 272 2.455994e-02 1.245287e-02 1 1 1 1 1.308833e-14 0.000000e+00
275 273 2.455994e-02 1.561668e-02 1 1 1 1 1.307544e-14 0.000000e+00
275 274 2.455994e-02 1.958430e-02 1 1 1 1 1.310411e-14 0.000000e+00
275 275 2.455994e-02 2.455994e-02 1 1 1 1 1.330177e-14 0.000000e+00
275 276 2.455994e-02 3.079971e-02 1 1 1 1 1.136751e-14 0.000000e+00
275 277 2.455994e-02 3.862478e-02 1 1 1 1 9.654385e-15 0.000000e+00
275 278 2.455994e-02 4.843790e-02 1 1 1 1 7.977190e-15 0.000000e+00
275 279 2.455994e-02 6.074417e-02 1 1 1 1 6.338007e-15 0.000000e+00
275 280 2.455994e-02 7.617702e-02 1 1 1 1 4.801857e-15 0.000000e+00
275 281 2.455994e-02 9.553077e-02 1 1 1 1 3.437329e-15 0.000000e+00
275 282 2.455994e-02 1.198016e-01 1 1 1 1 2.293128e-15 0.000000e+00
275 283 2.455994e-02 1.502387e-01 1 1 1 1 1.386090e-15 0.000000e+00
275 284 2.455994e-02 1.884088e-01 1 1 1 1 7.118840e-16 0.000000e+00
275 285 2.455994e-02 2.362765e-01 1 1 1 1 2.602763e-16 0.000000e+00
276 260 3.079971e-02 8.230712e-04 1 1 1 1 1.138915e-14 0.000000e+00
276 261 3.079971e-02 1.032183e-03 1 1 1 1 1.138912e-14 0.000000e+00
276 262 3.079971e-02 1.294423e-03 1 1 1 1 1.138908e-14 0.000000e+00
276 263 3.079971e-02 1.623287e-03 1 1 1 1 1.138898e-14 0.000000e+00
276 264 3.079971e-02 2.035704e-03 1 1 1 1 1.138885e-14 0.000000e+00
276 265 3.079971e-02 2.552901e-03 1 1 1 1 1.138864e-14 0.000000e+00
276 266 3.079971e-02 3.201499e-03 1 1 1 1 1.138830e-14 0.000000e+00
276 267 3.079971e-02 4.014881e-03 1 1 1 1 1.138777e-14 0.000000e+00
276 268 3.079971e-02 5.034914e-03 1 1 1 1 1.138692e-14 0.000000e+00
276 269 3.079971e-02 6.314099e-03 1 1 1 1 1.138556e-14 0.000000e+00
276 270 3.079971e-02 7.918277e-03 1 1 1 1 1.138339e-14 0.000000e+00
276 271 3.079971e-02 9.930017e-03 1 1 1 1 1.137987e-14 0.000000e+00
276 272 3.079971e-02 1.245287e-02 1 1 1 1 1.137416e-14 0.000000e+00
276 273 3.079971e-02 1.561668e-02 1 1 1 1 1.136514e-14 0.000000e+00
276 274 3.079971e-02 1.958430e-02 1 1 1 1 1.135348e-14 0.000000e+00
276 275 3.079971e-02 2.455994e-02 1 1 1 1 1.136751e-14 0.000000e+00
276 276 3.079971e-02 3.079971e-02 1 1 1 1 1.141196e-14 0.000000e+00
276 277 3.079971e-02 3.862478e-02 1 1 1 1 9.675853e-15 0.000000e+00
276 278 3.079971e-02 4.843790e-02 1 1 1 1 8.010224e-15 0.000000e+00
276 279 3.079971e-02 6.074417e-02 1 1 1 1 6.389303e-15 0.000000e+00
276 280 3.079971e-02 7.617702e-02 1 1 1 1 4.854324e-15 0.000000e+00
276 281 3.079971e-02 9.553077e-02 1 1 1 1 3.479609e-15 0.000000e+00
276 282 3.079971e-02 1.198016e-01 1 1 1 1 2.321446e-15 0.000000e+00
276 283 3.079971e-02 1.502387e-01 1 1 1 1 1.403691e-15 0.000000e+00
276 284 3.079971e-02 1.884088e-01 1 1 1 1 7.227602e-16 0.000000e+00
276 285 3.079971e-02 2.362765e-01 1 1 1 1 2.663795e-16 0.000000e+00
277 260 3.862478e-02 8.230712e-04 1 1 1 1 9.635642e-15 0.000000e+00
277 261 3.862478e-02 1.032183e-03 1 1 1 1 9.635675e-15 0.000000e+00
277 262 3.862478e-02 1.294423e-03 1 1 1 1 9.635729e-15 0.000000e+00
277 263 3.862478e-02 1.623287e-03 1 1 1 1 9.635770e-15 0.000000e+00
277 264 3.862478e-02 2.035704e-03 1 1 1 1 9.635869e-15 0.000000e+00
277 265 3.862478e-02 2.552901e-03 1 1 1 1 9.636000e-15 0.000000e+00
277 266 3.862478e-02 3.201499e-03 1 1 1 1 9.636213e-15 0.000000e+00
277 267 3.862478e-02 4.014881e-03 1 1 1 1 9.636549e-15 0.000000e+00
277 268 3.862478e-02 5.034914e-03 1 1 1 1 9.637066e-15 0.000000e+00
277 269 3.862478e-02 6.314099e-03 1 1 1 1 9.637860e-15 0.000000e+00
277 270 3.862478e-02 7.918277e-03 1 1 1 1 9.639063e-15 0.000000e+00
277 271 3.862478e-02 9.930017e-03 1 1 1 1 9.640839e-15 0.000000e+00
277 272 3.862478e-02 1.245287e-02 1 1 1 1 9.643359e-15 0.000000e+00
277 273 3.862478e-02 1.561668e-02 1 1 1 1 9.646668e-15 0.000000e+00
277 274 3.862478e-02 1.958430e-02 1 1 1 1 9.650448e-15 0.000000e+00
277 275 3.862478e-02 2.455994e-02 1 1 1 1 9.654385e-15 0.000000e+00
277 276 3.862478e-02 3.079971e-02 1 1 1 1 9.675853e-15 0.000000e+00
277 277 3.862478e-02 3.862478e-02 1 1 1 1 9.637298e-15 0.000000e+00
277 278 3.862478e-02 4.843790e-02 1 1 1 1 8.061491e-15 0.000000e+00
277 279 3.862478e-02 6.074417e-02 1 1 1 1 6.461596e-15 0.000000e+00
277 280 3.862478e-02 7.617702e-02 1 1 1 1 4.933405e-15 0.000000e+00
277 281 3.862478e-02 9.553077e-02 1 1 1 1 3.545304e-15 0.000000e+00
277 282 3.862478e-02 1.198016e-01 1 1 1 1 2.366487e-15 0.000000e+00
277 283 3.862478e-02 1.502387e-01 1 1 1 1 1.431701e-15 0.000000e+00
277 284 3.862478e-02 1.884088e-01 1 1 1 1 7.399546e-16 0.000000e+00
277 285 3.862478e-02 2.362765e-01 1 1 1 1 2.760278e-16 0.000000e+00
278 260 4.843790e-02 8.230712e-04 1 1 1 1 7.902333e-15 0.000000e+00
278 261 4.843790e-02 1.032183e-03 1 1 1 1 7.902393e-15 0.000000e+00
278 262 4.843790e-02 1.294423e-03 1 1 1 1 7.902495e-15 0.000000e+00
278 263 4.843790e-02 1.623287e-03 1 1 1 1 7.902614e-15 0.000000e+00
278 264 4.843790e-02 2.035704e-03 1 1 1 1 7.902841e-15 0.000000e+00
278 265 4.843790e-02 2.552901e-03 1 1 1 1 7.903179e-15 0.000000e+00
278 266 4.843790e-02 3.201499e-03 1 1 1 1 7.903712e-15 0.000000e+00
278 267 4.843790e-02 4.014881e-03 1 1 1 1 7.904545e-15 0.000000e+00
278 268 4.843790e-02 5.034914e-03 1 1 1 1 7.905852e-15 0.000000e+00
278 269 4.843790e-02 6.314099e-03 1 1 1 1 7.907901e-15 0.000000e+00
278 270 4.843790e-02 7.918277e-03 1 1 1 1 7.911092e-15 0.000000e+00
278 271 4.843790e-02 9.930017e-03 1 1 1 1 7.916052e-15 0.000000e+00
278 272 4.843790e-02 1.245287e-02 1 1 1 1 7.923689e-15 0.000000e+00
278 273 4.843790e-02 1.561668e-02 1 1 1 1 7.935300e-15 0.000000e+00
278 274 4.843790e-02 1.958430e-02 1 1 1 1 7.952555e-15 0.000000e+00
278 275 4.843790e-02 2.455994e-02 1 1 1 1 7.977190e-15 0.000000e+00
278 276 4.843790e-02 3.079971e-02 1 1 1 1 8.010224e-15 0.000000e+00
278 277 4.843790e-02 3.862478e-02 1 1 1 1 8.061491e-15 0.000000e+00
278 278 4.843790e-02 4.843790e-02 1 1 1 1 7.995201e-15 0.000000e+00
278 279 4.843790e-02 6.074417e-02 1 1 1 1 6.561130e-15 0.000000e+00
278 280 4.843790e-02 7.617702e-02 1 1 1 1 5.048171e-15 0.000000e+00
278 281 4.843790e-02 9.553077e-02 1 1 1 1 3.646369e-15 0.000000e+00
278 282 4.843790e-02 1.198016e-01 1 1 1 1 2.438242e-15 0.000000e+00
278 283 4.843790e-02 1.502387e-01 1 1 1 1 1.476592e-15 0.000000e+00
278 284 4.843790e-02 1.884088e-01 1 1 1 1 7.672307e-16 0.000000e+00
278 285 4.843790e-02 2.362765e-01 1 1 1 1 2.913300e-16 0.000000e+00
279 260 6.074417e-02 8.230712e-04 1 1 1 1 6.239343e-15 0.000000e+00
279 261 6.074417e-02 1.032183e-03 1 1 1 1 6.239413e-15 0.000000e+00
279 262 6.074417e-02 1.294423e-03 1 1 1 1 6.239535e-15 0.000000e+00
279 263 6.074417e-02 1.623287e-03 1 1 1 1 6.239682e-15 0.000000e+00
279 264 6.074417e-02 2.035704e-03 1 1 1 1 6.239952e-15 0.000000e+00
279 265 6.074417e-02 2.552901e-03 1 1 1 1 6.240358e-15 0.000000e+00
279 266 6.074417e-02 3.201499e-03 1 1 1 1 6.241002e-15 0.000000e+00
279 267 6.074417e-02 4.014881e-03 1 1 1 1 6.242016e-15 0.000000e+00
279 268 6.074417e-02 5.034914e-03 1 1 1 1 6.243607e-15 0.000000e+00
279 269 6.074417e-02 6.314099e-03 1 1 1 1 6.246100e-15 0.000000e+00
279 270 6.074417e-02 7.918277e-03 1 1 1 1 6.250010e-15 0.000000e+00
279 271 6.074417e-02 9.930017e-03 1 1 1 1 6.256131e-15 0.000000e+00
279 272 6.074417e-02 1.245287e-02 1 1 1 1 6.265680e-15 0.000000e+00
279 273 6.074417e-02 1.561668e-02 1 1 1 1 6.280506e-15 0.000000e+00
279 274 6.074417e-02 1.958430e-02 1 1 1 1 6.303338e-15 0.000000e+00
279 275 6.074417e-02 2.455994e-02 1 1 1 1 6.338007e-15 0.000000e+00
279 276 6.074417e-02 3.079971e-02 1 1 1 1 6.389303e-15 0.000000e+00
279 277 6.074417e-02 3.862478e-02 1 1 1 1 6.461596e-15 0.000000e+00
279 278 6.074417e-02 4.843790e-02 1 1 1 1 6.561130e-15 0.000000e+00
279 279 6.074417e-02 6.074417e-02 1 1 1 1 6.508529e-15 0.000000e+00
279 280 6.074417e-02 7.617702e-02 1 1 1 1 5.205326e-15 0.000000e+00
279 281 6.074417e-02 9.553077e-02 1 1 1 1 3.798103e-15 0.000000e+00
279 282 6.074417e-02 1.198016e-01 1 1 1 1 2.552361e-15 0.000000e+00
279 283 6.074417e-02 1.502387e-01 1 1 1 1 1.549239e-15 0.000000e+00
279 284 6.074417e-02 1.884088e-01 1 1 1 1 8.107596e-16 0.000000e+00
279 285 6.074417e-02 2.362765e-01 1 1 1 1 3.157119e-16 0.000000e+00
280 260 7.617702e-02 8.230712e-04 1 1 1 1 4.706708e-15 0.000000e+00
280 261 7.617702e-02 1.032183e-03 1 1 1 1 4.706774e-15 0.000000e+00
280 262 7.617702e-02 1.294423e-03 1 1 1 1 4.706892e-15 0.000000e+00
280 263 7.617702e-02 1.623287e-03 1 1 1 1 4.707031e-15 0.000000e+00
280 264 7.617702e-02 2.035704e-03 1 1 1 1 4.707289e-15 0.000000e+00
280 265 7.617702e-02 2.552901e-03 1 1 1 1 4.707671e-15 0.000000e+00
280 266 7.617702e-02 3.201499e-03 1 1 1 1 4.708274e-15 0.000000e+00
280 267 7.617702e-02 4.014881e-03 1 1 1 1 4.709219e-15 0.000000e+00
280 268 7.617702e-02 5.034914e-03 1 1 1 1 4.710706e-15 0.000000e+00
280 269 7.617702e-02 6.314099e-03 1 1 1 1 4.713046e-15 0.000000e+00
280 270 7.617702e-02 7.918277e-03 1 1 1 1 4.716720e-15 0.000000e+00
280 271 7.617702e-02 9.930017e-03 1 1 1 1 4.722483e-15 0.000000e+00
280 272 7.617702e-02 1.245287e-02 1 1 1 1 4.731519e-15 0.000000e+00
280 273 7.617702e-02 1.561668e-02 1 1 1 1 4.745651e-15 0.000000e+00
280 274 7.617702e-02 1.958430e-02 1 1 1 1 4.767687e-15 0.000000e+00
280 275 7.617702e-02 2.455994e-02 1 1 1 1 4.801857e-15 0.000000e+00
280 276 7.617702e-02 3.079971e-02 1 1 1 1 4.854324e-15 0.000000e+00
280 277 7.617702e-02 3.862478e-02 1 1 1 1 4.933405e-15 0.000000e+00
280 278 7.617702e-02 4.843790e-02 1 1 1 1 5.048171e-15 0.000000e+00
280 279 7.617702e-02 6.074417e-02 1 1 1 1 5.205326e-15 0.000000e+00
280 280 7.617702e-02 7.617702e-02 1 1 1 1 5.192932e-15 0.000000e+00
280 281 7.617702e-02 9.553077e-02 1 1 1 1 4.013156e-15 0.000000e+00
280 282 7.617702e-02 1.198016e-01 1 1 1 1 2.731471e-15 0.000000e+00
280 283 7.617702e-02 1.502387e-01 1 1 1 1 1.667963e-15 0.000000e+00
280 284 7.617702e-02 1.884088e-01 1 1 1 1 8.810352e-16 0.000000e+00
280 285 7.617702e-02 2.362765e-01 1 1 1 1 3.548509e-16 0.000000e+00
281 260 9.553077e-02 8.230712e-04 1 1 1 1 3.362660e-15 0.000000e+00
281 261 9.553077e-02 1.032183e-03 1 1 1 1 3.362712e-15 0.000000e+00
281 262 9.553077e-02 1.294423e-03 1 1 1 1 3.362805e-15 0.000000e+00
281 263 9.553077e-02 1.623287e-03 1 1 1 1 3.362908e-15 0.000000e+00
281 264 9.553077e-02 2.035704e-03 1 1 1 1 3.363109e-15 0.000000e+00
281 265 9.553077e-02 2.552901e-03 1 1 1 1 3.363403e-15 0.000000e+00
281 266 9.553077e-02 3.201499e-03 1 1 1 1 3.363870e-15 0.000000e+00
281 267 9.553077e-02 4.014881e-03 1 1 1 1 3.364604e-15 0.000000e+00
281 268 9.553077e-02 5.034914e-03 1 1 1 1 3.365756e-15 0.000000e+00
281 269 9.553077e-02 6.314099e-03 1 1 1 1 3.367567e-15 0.000000e+00
281 270 9.553077e-02 7.918277e-03 1 1 1 1 3.370413e-15 0.000000e+00
281 271 9.553077e-02 9.930017e-03 1 1 1 1 3.374889e-15 0.000000e+00
281 272 9.553077e-02 1.245287e-02 1 1 1 1 3.381918e-15 0.000000e+00
281 273 9.553077e-02 1.561668e-02 1 1 1 1 3.392949e-15 0.000000e+00
281 274 9.553077e-02 1.958430e-02 1 1 1 1 3.410249e-15 0.000000e+00
281 275 9.553077e-02 2.455994e-02 1 1 1 1 3.437329e-15 0.000000e+00
281 276 9.553077e-02 3.079971e-02 1 1 1 1 3.479609e-15 0.000000e+00
281 277 9.553077e-02 3.862478e-02 1 1 1 1 3.545304e-15 0.000000e+00
281 278 9.553077e-02 4.843790e-02 1 1 1 1 3.646369e-15 0.000000e+00
281 279 9.553077e-02 6.074417e-02 1 1 1 1 3.798103e-15 0.000000e+00
281 280 9.553077e-02 7.617702e-02 1 1 1 1 4.013156e-15 0.000000e+00
281 281 9.553077e-02 9.553077e-02 1 1 1 1 4.057883e-15 0.000000e+00
281 282 9.553077e-02 1.198016e-01 1 1 1 1 2.998988e-15 0.000000e+00
281 283 9.553077e-02 1.502387e-01 1 1 1 1 1.862390e-15 0.000000e+00
281 284 9.553077e-02 1.884088e-01 1 1 1 1 9.968216e-16 0.000000e+00
281 285 9.553077e-02 2.362765e-01 1 1 1 1 4.184417e-16 0.000000e+00
282 260 1.198016e-01 8.230712e-04 1 1 1 1 2.244521e-15 0.000000e+00
282 261 1.198016e-01 1.032183e-03 1 1 1 1 2.244557e-15 0.000000e+00
282 262 1.198016e-01 1.294423e-03 1 1 1 1 2.244622e-15 0.000000e+00
282 263 1.198016e-01 1.623287e-03 1 1 1 1 2.244680e-15 0.000000e+00
282 264 1.198016e-01 2.035704e-03 1 1 1 1 2.244811e-15 0.000000e+00
282 265 1.198016e-01 2.552901e-03 1 1 1 1 2.244997e-15 0.000000e+00
282 266 1.198016e-01 3.201499e-03 1 1 1 1 2.245293e-15 0.000000e+00
282 267 1.198016e-01 4.014881e-03 1 1 1 1 2.245759e-15 0.000000e+00
282 268 1.198016e-01 5.034914e-03 1 1 1 1 2.246494e-15 0.000000e+00
282 269 1.198016e-01 6.314099e-03 1 1 1 1 2.247653e-15 0.000000e+00
282 270 1.198016e-01 7.918277e-03 1 1 1 1 2.249477e-15 0.000000e+00
282 271 1.198016e-01 9.930017e-03 1 1 1 1 2.252347e-15 0.000000e+00
282 272 1.198016e-01 1.245287e-02 1 1 1 1 2.256869e-15 0.000000e+00
282 273 1.198016e-01 1.561668e-02 1 1 1 1 2.264006e-15 0.000000e+00
282 274 1.198016e-01 1.958430e-02 1 1 1 1 2.275280e-15 0.000000e+00
282 275 1.198016e-01 2.455994e-02 1 1 1 1 2.293128e-15 0.000000e+00
282 276 1.198016e-01 3.079971e-02 1 1 1 1 2.321446e-15 0.000000e+00
282 277 1.198016e-01 3.862478e-02 1 1 1 1 2.366487e-15 0.000000e+00
282 278 1.198016e-01 4.843790e-02 1 1 1 1 2.438242e-15 0.000000e+00
282 279 1.198016e-01 6.074417e-02 1 1 1 1 2.552361e-15 0.000000e+00
282 280 1.198016e-01 7.617702e-02 1 1 1 1 2.731471e-15 0.000000e+00
282 281 1.198016e-01 9.553077e-02 1 1 1 1 2.998988e-15 0.000000e+00
282 282 1.198016e-01 1.198016e-01 1 1 1 1 3.109854e-15 0.000000e+00
282 283 1.198016e-01 1.502387e-01 1 1 1 1 2.170327e-15 0.000000e+00
282 284 1.198016e-01 1.884088e-01 1 1 1 1 1.192461e-15 0.000000e+00
282 285 1.198016e-01 2.362765e-01 1 1 1 1 5.240716e-16 0.000000e+00
283 260 1.502387e-01 8.230712e-04 1 1 1 1 1.355724e-15 0.000000e+00
283 261 1.502387e-01 1.032183e-03 1 1 1 1 1.355755e-15 0.000000e+00
283 262 1.502387e-01 1.294423e-03 1 1 1 1 1.355800e-15 0.000000e+00
283 263 1.502387e-01 1.623287e-03 1 1 1 1 1.355830e-15 0.000000e+00
283 264 1.502387e-01 2.035704e-03 1 1 1 1 1.355917e-15 0.000000e+00
283 265 1.502387e-01 2.552901e-03 1 1 1 1 1.356034e-15 0.000000e+00
283 266 1.502387e-01 3.201499e-03 1 1 1 1 1.356221e-15 0.000000e+00
283 267 1.502387e-01 4.014881e-03 1 1 1 1 1.356514e-15 0.000000e+00
283 268 1.502387e-01 5.034914e-03 1 1 1 1 1.356976e-15 0.000000e+00
283 269 1.502387e-01 6.314099e-03 1 1 1 1 1.357703e-15 0.000000e+00
283 270 1.502387e-01 7.918277e-03 1 1 1 1 1.358845e-15 0.000000e+00
283 271 1.502387e-01 9.930017e-03 1 1 1 1 1.360645e-15 0.000000e+00
283 272 1.502387e-01 1.245287e-02 1 1 1 1 1.363478e-15 0.000000e+00
283 273 1.502387e-01 1.561668e-02 1 1 1 1 1.367940e-15 0.000000e+00
283 274 1.502387e-01 1.958430e-02 1 1 1 1 1.374976e-15 0.000000e+00
283 275 1.502387e-01 2.455994e-02 1 1 1 1 1.386090e-15 0.000000e+00
283 276 1.502387e-01 3.079971e-02 1 1 1 1 1.403691e-15 0.000000e+00
283 277 1.502387e-01 3.862478e-02 1 1 1 1 1.431701e-15 0.000000e+00
283 278 1.502387e-01 4.843790e-02 1 1 1 1 1.476592e-15 0.000000e+00
283 279 1.502387e-01 6.074417e-02 1 1 1 1 1.549239e-15 0.000000e+00
283 280 1.502387e-01 7.617702e-02 1 1 1 1 1.667963e-15 0.000000e+00
283 281 1.502387e-01 9.553077e-02 1 1 1 1 1.862390e-15 0.000000e+00
283 282 1.502387e-01 1.198016e-01 1 1 1 1 2.170327e-15 0.000000e+00
283 283 1.502387e-01 1.502387e-01 1 1 1 1 2.346537e-15 0.000000e+00
283 284 1.502387e-01 1.884088e-01 1 1 1 1 1.522005e-15 0.000000e+00
283 285 1.502387e-01 2.362765e-01 1 1 1 1 7.068984e-16 0.000000e+00
284 260 1.884088e-01 8.230712e-04 1 1 1 1 6.929806e-16 0.000000e+00
284 261 1.884088e-01 1.032183e-03 1 1 1 1 6.930112e-16 0.000000e+00
284 262 1.884088e-01 1.294423e-03 1 1 1 1 6.930437e-16 0.000000e+00
284 263 1.884088e-01 1.623287e-03 1 1 1 1 6.930558e-16 0.000000e+00
284 264 1.884088e-01 2.035704e-03 1 1 1 1 6.931146e-16 0.000000e+00
284 265 1.884088e-01 2.552901e-03 1 1 1 1 6.931873e-16 0.000000e+00
284 266 1.884088e-01 3.201499e-03 1 1 1 1 6.933047e-16 0.000000e+00
284 267 1.884088e-01 4.014881e-03 1 1 1 1 6.934891e-16 0.000000e+00
284 268 1.884088e-01 5.034914e-03 1 1 1 1 6.937785e-16 0.000000e+00
284 269 1.884088e-01 6.314099e-03 1 1 1 1 6.942331e-16 0.000000e+00
284 270 1.884088e-01 7.918277e-03 1 1 1 1 6.949472e-16 0.000000e+00
284 271 1.884088e-01 9.930017e-03 1 1 1 1 6.960696e-16 0.000000e+00
284 272 1.884088e-01 1.245287e-02 1 1 1 1 6.978346e-16 0.000000e+00
284 273 1.884088e-01 1.561668e-02 1 1 1 1 7.006137e-16 0.000000e+00
284 274 1.884088e-01 1.958430e-02 1 1 1 1 7.049902e-16 0.000000e+00
284 275 1.884088e-01 2.455994e-02 1 1 1 1 7.118840e-16 0.000000e+00
284 276 1.884088e-01 3.079971e-02 1 1 1 1 7.227602e-16 0.000000e+00
284 277 1.884088e-01 3.862478e-02 1 1 1 1 7.399546e-16 0.000000e+00
284 278 1.884088e-01 4.843790e-02 1 1 1 1 7.672307e-16 0.000000e+00
284 279 1.884088e-01 6.074417e-02 1 1 1 1 8.107596e-16 0.000000e+00
284 280 1.884088e-01 7.617702e-02 1 1 1 1 8.810352e-16 0.000000e+00
284 281 1.884088e-01 9.553077e-02 1 1 1 1 9.968216e-16 0.000000e+00
284 282 1.884088e-01 1.198016e-01 1 1 1 1 1.192461e-15 0.000000e+00
284 283 1.884088e-01 1.502387e-01 1 1 1 1 1.522005e-15 0.000000e+00
284 284 1.884088e-01 1.884088e-01 1 1 1 1 1.752929e-15 0.000000e+00
284 285 1.884088e-01 2.362765e-01 1 1 1 1 1.035493e-15 0.000000e+00
285 260 2.362765e-01 8.230712e-04 1 1 1 1 2.496767e-16 0.000000e+00
285 261 2.362765e-01 1.032183e-03 1 1 1 1 2.497012e-16 0.000000e+00
285 262 2.362765e-01 1.294423e-03 1 1 1 1 2.497260e-16 0.000000e+00
285 263 2.362765e-01 1.623287e-03 1 1 1 1 2.497254e-16 0.000000e+00
285 264 2.362765e-01 2.035704e-03 1 1 1 1 2.497619e-16 0.000000e+00
285 265 2.362765e-01 2.552901e-03 1 1 1 1 2.498014e-16 0.000000e+00
285 266 2.362765e-01 3.201499e-03 1 1 1 1 2.498663e-16 0.000000e+00
285 267 2.362765e-01 4.014881e-03 1 1 1 1 2.499686e-16 0.000000e+00
285 268 2.362765e-01 5.034914e-03 1 1 1 1 2.501296e-16 0.000000e+00
285 269 2.362765e-01 6.314099e-03 1 1 1 1 2.503832e-16 0.000000e+00
285 270 2.362765e-01 7.918277e-03 1 1 1 1 2.507825e-16 0.000000e+00
285 271 2.362765e-01 9.930017e-03 1 1 1 1 2.514110e-16 0.000000e+00
285 272 2.362765e-01 1.245287e-02 1 1 1 1 2.524003e-16 0.000000e+00
285 273 2.362765e-01 1.561668e-02 1 1 1 1 2.539575e-16 0.000000e+00
285 274 2.362765e-01 1.958430e-02 1 1 1 1 2.564096e-16 0.000000e+00
285 275 2.362765e-01 2.455994e-02 1 1 1 1 2.602763e-16 0.000000e+00
285 276 2.362765e-01 3.079971e-02 1 1 1 1 2.663795e-16 0.000000e+00
285 277 2.362765e-01 3.862478e-02 1 1 1 1 2.760278e-16 0.000000e+00
285 278 2.362765e-01 4.843790e-02 1 1 1 1 2.913300e-16 0.000000e+00
285 279 2.362765e-01 6.074417e-02 1 1 1 1 3.157119e-16 0.000000e+00
285 280 2.362765e-01 7.617702e-02 1 1 1 1 3.548509e-16 0.000000e+00
285 281 2.362765e-01 9.553077e-02 1 1 1 1 4.184417e-16 0.000000e+00
285 282 2.362765e-01 1.198016e-01 1 1 1 1 5.240716e-16 0.000000e+00
285 283 2.362765e-01 1.502387e-01 1 1 1 1 7.068984e-16 0.000000e+00
285 284 2.362765e-01 1.884088e-01 1 1 1 1 1.035493e-15 0.000000e+00
285 285 2.362765e-01 2.362765e-01 1 1 1 1 1.303531e-15 0.000000e+00
